%YAML:1.0
---
R: !!opencv-matrix
   rows: 3
   cols: 3
   dt: d
   data: [ 2.9412932969126260e-01, -3.0256222921318138e-01,
       9.0661129204798629e-01, 8.7258653211303061e-01,
       4.7204732889601081e-01, -1.2555502083587461e-01,
       -3.8997523176520338e-01, 8.2802621742049443e-01,
       4.0285469076825237e-01 ]
T: !!opencv-matrix
   rows: 3
   cols: 1
   dt: d
   data: [ -61.34485, 2.89570,
       -4.76870 ]
Rl: !!opencv-matrix
   rows: 3
   cols: 3
   dt: d
   data: [ 1.5806900479723690e-01, 1.5675325756576847e-01,
       9.7490646011036919e-01, 4.9208718434326087e-01,
       8.4347509591689906e-01, -2.1540651237392813e-01,
       -8.5607499246709251e-01, 5.1378806799155774e-01,
       5.6190999830665278e-02 ]
Rr: !!opencv-matrix
   rows: 3
   cols: 3
   dt: d
   data: [ 8.8292632080703970e-01, 8.9519440348062029e-02,
       4.6089845066556034e-01, -3.0575640812475230e-01,
       8.5459418485052174e-01, 4.1974015546564269e-01,
       -3.5630623193651006e-01, -5.1152228594602001e-01,
       7.8191484195132399e-01 ]
Pl: !!opencv-matrix
   rows: 3
   cols: 4
   dt: d
   data: [ 2.6380200372889694e+03, 0., -6.8430597534179688e+03, 0., 0.,
       2.6380200372889694e+03, -4.4815695190429688e+02, 0., 0., 0., 1.,
       0. ]
Pr: !!opencv-matrix
   rows: 3
   cols: 4
   dt: d
   data: [ 2.6380200372889694e+03, 0., -6.8430597534179688e+03,
       -4.7411811970834965e+06, 0., 2.6380200372889694e+03,
       -4.4815695190429688e+02, 0., 0., 0., 1., 0. ]
Q: !!opencv-matrix
   rows: 4
   cols: 4
   dt: d
   data: [ 1., 0., 0., 6.8430597534179688e+03, 0., 1., 0.,
       4.4815695190429688e+02, 0., 0., 0., 2.6380200372889694e+03, 0.,
       0., 5.5640565665613631e-04, 0. ]
