%YAML:1.0
---
distcoeffs: !!opencv-matrix
   rows: 1
   cols: 5
   dt: d
   data: [ 3.0692575675612797e+00, -1.2966192728093955e+02,
       -6.4901363373287266e-02, -2.7085857449007857e-02,
       2.1588072083597003e+03 ]
cameraMat: !!opencv-matrix
   rows: 3
   cols: 3
   dt: d
   data: [ 1.2853580977891652e+03, 0., 2.2292516194916115e+02, 0.,
       9.7903608310439154e+02, 8.4257555851123172e+01, 0., 0., 1. ]
