%YAML:1.0
---
distcoeffs: !!opencv-matrix
   rows: 1
   cols: 5
   dt: d
   data: [ 2.0613719929362766e+01, -9.6781179137472427e+03,
       1.6667017543580444e-02, -5.4405794077850039e-02,
       -2.0159509150706750e+01 ]
cameraMat: !!opencv-matrix
   rows: 3
   cols: 3
   dt: d
   data: [ 2.9759689629269151e+03, 0., 1.8740551456941847e+02, 0.,
       3.6463538631066363e+03, 1.2524489844821389e+02, 0., 0., 1. ]
